50 mmmmm 3111111333.

1, 3, 3. 111 33333 313, 3311331 11311331 Τ3Τ ΤΤΤ 31. 3113
11331131 ΤΤΤΤΤΤΤ 3133331.

2, 3. 31 3113133313, 3113133 31133 31331, 313333 33
33133133.

3, 3. 31 3113113313, 3113133 3111131133. 3131311, 33-
ΤΑΤ 13Τ1333 113113, 113113, 3113113, 331113, 33-
3331), 11333333 3111; 3111333, 3333333, 3311311
3333 ΤΤΤ, 311113 3131, 31. ΤΤΤΤ 11311133, 311311
331133, 311311 1131133.

1, 3, 3. 31 3331131113, 33333 3331333333 3131, SA-
ΤΤΑ 3311133 ΤΤΤΑ 11331113.

3,13. 11133. 3113133 313, 33333 3311133 3311311 3131311,
333311 1133133133113, 3333 3113113, 33133
ΤΤΤΤΤ, 33331133 3111, 33333 33. 333133 ΤΤΤΤ
333, 3311311 3333 ΤΤΑ, 31133 3131, ΤοΤΤ 1331-
113, 3113333333, 311311 11311113

3, 3. 31 3113113313, 313 333 ΤΤΤ 34 ΤΤΤΑΤΤΤ 311131
ΤΤΤ, 3111133311 31313, 33333311 ΤΤΤΤΤΑ, 311311
3311333311, 313111 3311333311.

111311333Τ111, Τ13 33331313.
11,1,3. 33. 31 3113133313, 313 ΤΤΤ 333 3311311111

‘ ΤΤΤΤΤΤΤ ΕΤΗΗ, 3111133311 313111, ΤΤΤΑΤΤΤ 444·

Τ1ΤΑ 311311 3311333311, 311311 3331133311 ·
1,13. 11133. 3113133313, 311311 3333311331, 311113 31-
313, 31113333 333, ΤΤΤΤ 1331113, ,1113333333
3311311 33333311 331113, 33331 3313 31 33113133.
1,3.3133333Τ13, 331131 33311 3311313311 13133-
3311 333 Τ33333111 Τ3Τ) 33113333 Τ3Τ) 3113
3333113331), ΤΑΤΤΤΤ Τ3ΤΤ 1, 33311 33. 33113
133311, Τ1113ΤΤΤ 33133333 ΤΑ3 Τ3Τ.
111, 3, a. 31 1111333313, 331131 1131131 Τ3Τ 3113 3311311111
31331133 Ε TRU 313331
Τ 3 31 3113113313, 33 3133311 311113 3131, ΤΤΤΑΤΤ
. ΤΤΤΤ ΤΤΤΤΤΑ.
3 ,3. 31 3113113313, 31333331111311313133, ΤΤΤΤΤ
’ 1131113311 11333, 33113 3113113, 331113, 40. ΤΤ-
333, 33333331), 3111, ΤιΤΑΤΤ ΤΤΤΤ 333 3311311
ΤΤ3Τ ΤΤΤ, 311113 31313, ΤΤΤΤ 11331113, 311311 3
11311133, 311311 11311113.

———-.-—

¹) ueiropequo 2) pesatomest 3) peretomest 313333-
tament 5) daetomest 6) pequoc astruo

 

