66666 nummum. .. 107.

1415. (166)16.16,116,16661116,30.31,33,30.42.
17. 10. 26. 27, 33, 34. 50. 52.1116,7.10.11.12.
6666165656.162631363134. 2
11661616 ΙΠ, 13. Fisie 1116, 26. 36. 40. Vlb,

1166611166 ΙΗ, 16318. 10. 20. , <

Fewafe Π6, 16. ‘ Fisiem 1116, 46.

Funere 116, 11. 1666661116, 30. 32. 30. 41.

11616116, 13. 40. 51. Vlb, 13. 32, 33.

061616, 3. 0.11.12.13.13, Fisim vla, 41. 40. 51.Ι

14.16.17.17.20.22.24. Fisiu 16, 5. 8. 12. 1517.
25. 25, 26. 262828. 16, 21.25.20.31. ·
2. 3. 3. 6. 25. 2720, 32. Fisiu 1116, 23. 25. 34. 35.
43. 44. 44. Π6,7.10.20. 45. 53. 55. 58, Vlb, 1. 3.
116, 2. 4. 7. 8. 0. 11. 11, 6. 6. 0,14. 10. 22. 26.
12.13(te1·).14.‘ 6636.

76661116, 22. 56 57 57 58 1166611163 ³
()5011161,(166).2 1166661116, 5. 6, 8 8
3066). 5. 10. 10, 20. 20, Vlla, 37.

22066), 23. 24. 37. 43. 116666611160. 101212.
43. 44066), 45 (166146. 14.15.15.
46, 54 (cem). 55. Vlla, Fisouinavlb,9.14.
4 3.4,4.6.7(166).37.41. ’1166666 1116,43.
42. 42, 53. 53. 54. 54. . Fito Vlb, 11.

Ffrar 1116, 50. lege ferar. Fondlire Vlla, 3.

Fiiuvi 16,17. (11666666) 61. Foner 1116, 61. 11116, 20.
Fisoui. 23. 33. 36.

Fikh Π6, 18. 20, Fons 1116, 42. 50. 52. 1116,
1161661116, 56. 50. 1116,2. 7. 11. 13. 32. 3411116,
4, 20. 23, 44. 46. vlla, 13. 17. 31. 40. 61. fos.

4. 8. 54. Fonsir 1116 26.

Fiklam Vlla, 42. Fas Vla, 23. 30. 33. 40. 61.

1111166 Π6, 41. fons.

1116616, 28. 61661616, Frateeer, 16.

'FiliuVlb‚3.1egefilmf. Frater III, 5. Va,1. 14. 22.

Fisei 1116,23. 20, legefisim. Frater 116, 11.

116616, 150666). ¹ Fratrelca 11116, 2. ¹

 

